                    * webspice studio — generated netlist
                    Transient Analysis  Wed Jul  8 16:32:54  2026
--------------------------------------------------------------------------------
Index   time            V(1)            V(2)            time            
--------------------------------------------------------------------------------
0	0.000000e+00	-6.74915e-22	0.000000e+00	0.000000e+00	
1	1.000000e-07	1.806942e-06	3.141592e-03	1.000000e-07	
2	2.000000e-07	3.846938e-06	6.283184e-03	2.000000e-07	
3	4.000000e-07	8.750002e-06	1.256636e-02	4.000000e-07	
4	8.000000e-07	2.296082e-05	2.513264e-02	8.000000e-07	
5	1.600000e-06	8.343477e-05	5.026464e-02	1.600000e-06	
6	3.200000e-06	6.512948e-04	1.005242e-01	3.200000e-06	
7	6.400000e-06	1.711773e-02	2.010077e-01	6.400000e-06	
8	1.280000e-05	1.600077e-01	4.016905e-01	1.280000e-05	
9	2.280000e-05	4.456556e-01	7.138357e-01	2.280000e-05	
10	3.280000e-05	7.416630e-01	1.023164e+00	3.280000e-05	
11	4.280000e-05	1.037995e+00	1.328454e+00	4.280000e-05	
12	5.280000e-05	1.331851e+00	1.628501e+00	5.280000e-05	
13	6.280000e-05	1.620526e+00	1.922121e+00	6.280000e-05	
14	7.280000e-05	1.902430e+00	2.208156e+00	7.280000e-05	
15	8.280000e-05	2.176276e+00	2.485476e+00	8.280000e-05	
16	9.280000e-05	2.440823e+00	2.752987e+00	9.280000e-05	
17	1.028000e-04	2.694910e+00	3.009633e+00	1.028000e-04	
18	1.128000e-04	2.937450e+00	3.254401e+00	1.128000e-04	
19	1.228000e-04	3.167426e+00	3.486326e+00	1.228000e-04	
20	1.328000e-04	3.383883e+00	3.704492e+00	1.328000e-04	
21	1.428000e-04	3.585929e+00	3.908038e+00	1.428000e-04	
22	1.528000e-04	3.772738e+00	4.096161e+00	1.528000e-04	
23	1.628000e-04	3.943550e+00	4.268118e+00	1.628000e-04	
24	1.728000e-04	4.097671e+00	4.423230e+00	1.728000e-04	
25	1.828000e-04	4.234478e+00	4.560887e+00	1.828000e-04	
26	1.928000e-04	4.353419e+00	4.680543e+00	1.928000e-04	
27	2.028000e-04	4.454012e+00	4.781728e+00	2.028000e-04	
28	2.128000e-04	4.535855e+00	4.864041e+00	2.128000e-04	
29	2.228000e-04	4.598616e+00	4.927158e+00	2.228000e-04	
30	2.328000e-04	4.642045e+00	4.970830e+00	2.328000e-04	
31	2.428000e-04	4.665967e+00	4.994884e+00	2.428000e-04	
32	2.528000e-04	4.670284e+00	4.999226e+00	2.528000e-04	
33	2.628000e-04	4.654981e+00	4.983838e+00	2.628000e-04	
34	2.728000e-04	4.620119e+00	4.948782e+00	2.728000e-04	
35	2.828000e-04	4.565837e+00	4.894194e+00	2.828000e-04	
36	2.928000e-04	4.492354e+00	4.820292e+00	2.928000e-04	
37	3.028000e-04	4.399966e+00	4.727366e+00	3.028000e-04	
38	3.128000e-04	4.289043e+00	4.615783e+00	3.128000e-04	
39	3.228000e-04	4.160034e+00	4.485984e+00	3.228000e-04	
40	3.328000e-04	4.013459e+00	4.338480e+00	3.328000e-04	
41	3.428000e-04	3.849909e+00	4.173855e+00	3.428000e-04	
42	3.528000e-04	3.670049e+00	3.992757e+00	3.528000e-04	
43	3.628000e-04	3.474609e+00	3.795902e+00	3.628000e-04	
44	3.728000e-04	3.264387e+00	3.584066e+00	3.728000e-04	
45	3.828000e-04	3.040246e+00	3.358086e+00	3.828000e-04	
46	3.928000e-04	2.803113e+00	3.118852e+00	3.928000e-04	
47	4.028000e-04	2.553978e+00	2.867310e+00	4.028000e-04	
48	4.128000e-04	2.293897e+00	2.604452e+00	4.128000e-04	
49	4.228000e-04	2.023997e+00	2.331316e+00	4.228000e-04	
50	4.328000e-04	1.745486e+00	2.048978e+00	4.328000e-04	
51	4.428000e-04	1.459681e+00	1.758555e+00	4.428000e-04	
52	4.528000e-04	1.168069e+00	1.461191e+00	4.528000e-04	
53	4.628000e-04	8.724486e-01	1.158060e+00	4.628000e-04	
54	4.728000e-04	5.753732e-01	8.503595e-01	4.728000e-04	

Index   time            V(1)            V(2)            time            
--------------------------------------------------------------------------------
55	4.828000e-04	2.828648e-01	5.393027e-01	4.828000e-04	
56	4.928000e-04	2.878916e-02	2.261175e-01	4.928000e-04	
57	5.028000e-04	-1.35214e-05	-8.79601e-02	5.028000e-04	
58	5.128000e-04	-1.39956e-05	-4.01691e-01	5.128000e-04	
59	5.228000e-04	-1.39998e-05	-7.13836e-01	5.228000e-04	
60	5.328000e-04	-1.40007e-05	-1.02316e+00	5.328000e-04	
61	5.428000e-04	-1.40012e-05	-1.32845e+00	5.428000e-04	
62	5.528000e-04	-1.40016e-05	-1.62850e+00	5.528000e-04	
63	5.628000e-04	-1.40019e-05	-1.92212e+00	5.628000e-04	
64	5.728000e-04	-1.40022e-05	-2.20816e+00	5.728000e-04	
65	5.828000e-04	-1.40025e-05	-2.48548e+00	5.828000e-04	
66	5.928000e-04	-1.40027e-05	-2.75299e+00	5.928000e-04	
67	6.028000e-04	-1.40030e-05	-3.00963e+00	6.028000e-04	
68	6.128000e-04	-1.40032e-05	-3.25440e+00	6.128000e-04	
69	6.228000e-04	-1.40035e-05	-3.48633e+00	6.228000e-04	
70	6.328000e-04	-1.40037e-05	-3.70449e+00	6.328000e-04	
71	6.428000e-04	-1.40039e-05	-3.90804e+00	6.428000e-04	
72	6.528000e-04	-1.40041e-05	-4.09616e+00	6.528000e-04	
73	6.628000e-04	-1.40043e-05	-4.26812e+00	6.628000e-04	
74	6.728000e-04	-1.40044e-05	-4.42323e+00	6.728000e-04	
75	6.828000e-04	-1.40046e-05	-4.56089e+00	6.828000e-04	
76	6.928000e-04	-1.40047e-05	-4.68054e+00	6.928000e-04	
77	7.028000e-04	-1.40048e-05	-4.78173e+00	7.028000e-04	
78	7.128000e-04	-1.40049e-05	-4.86404e+00	7.128000e-04	
79	7.228000e-04	-1.40049e-05	-4.92716e+00	7.228000e-04	
80	7.328000e-04	-1.40050e-05	-4.97083e+00	7.328000e-04	
81	7.428000e-04	-1.40050e-05	-4.99488e+00	7.428000e-04	
82	7.528000e-04	-1.40050e-05	-4.99923e+00	7.528000e-04	
83	7.628000e-04	-1.40050e-05	-4.98384e+00	7.628000e-04	
84	7.728000e-04	-1.40049e-05	-4.94878e+00	7.728000e-04	
85	7.828000e-04	-1.40049e-05	-4.89419e+00	7.828000e-04	
86	7.928000e-04	-1.40048e-05	-4.82029e+00	7.928000e-04	
87	8.028000e-04	-1.40047e-05	-4.72737e+00	8.028000e-04	
88	8.128000e-04	-1.40046e-05	-4.61578e+00	8.128000e-04	
89	8.228000e-04	-1.40045e-05	-4.48598e+00	8.228000e-04	
90	8.328000e-04	-1.40043e-05	-4.33848e+00	8.328000e-04	
91	8.428000e-04	-1.40042e-05	-4.17385e+00	8.428000e-04	
92	8.528000e-04	-1.40040e-05	-3.99276e+00	8.528000e-04	
93	8.628000e-04	-1.40038e-05	-3.79590e+00	8.628000e-04	
94	8.728000e-04	-1.40036e-05	-3.58407e+00	8.728000e-04	
95	8.828000e-04	-1.40033e-05	-3.35809e+00	8.828000e-04	
96	8.928000e-04	-1.40031e-05	-3.11885e+00	8.928000e-04	
97	9.028000e-04	-1.40029e-05	-2.86731e+00	9.028000e-04	
98	9.128000e-04	-1.40026e-05	-2.60445e+00	9.128000e-04	
99	9.228000e-04	-1.40023e-05	-2.33132e+00	9.228000e-04	
100	9.328000e-04	-1.40020e-05	-2.04898e+00	9.328000e-04	
101	9.428000e-04	-1.40017e-05	-1.75855e+00	9.428000e-04	
102	9.528000e-04	-1.40014e-05	-1.46119e+00	9.528000e-04	
103	9.628000e-04	-1.40009e-05	-1.15806e+00	9.628000e-04	
104	9.728000e-04	-1.40003e-05	-8.50360e-01	9.728000e-04	
105	9.828000e-04	-1.39985e-05	-5.39303e-01	9.828000e-04	
106	9.928000e-04	-1.39721e-05	-2.26118e-01	9.928000e-04	
107	1.002800e-03	3.993098e-04	8.796006e-02	1.002800e-03	
108	1.012800e-03	1.600077e-01	4.016905e-01	1.012800e-03	
109	1.022800e-03	4.453042e-01	7.138357e-01	1.022800e-03	
110	1.032800e-03	7.416328e-01	1.023164e+00	1.032800e-03	
111	1.042800e-03	1.038042e+00	1.328454e+00	1.042800e-03	
112	1.052800e-03	1.331864e+00	1.628501e+00	1.052800e-03	

Index   time            V(1)            V(2)            time            
--------------------------------------------------------------------------------
113	1.062800e-03	1.620525e+00	1.922121e+00	1.062800e-03	
114	1.072800e-03	1.902429e+00	2.208156e+00	1.072800e-03	
115	1.082800e-03	2.176276e+00	2.485476e+00	1.082800e-03	
116	1.092800e-03	2.440823e+00	2.752987e+00	1.092800e-03	
117	1.102800e-03	2.694910e+00	3.009633e+00	1.102800e-03	
118	1.112800e-03	2.937450e+00	3.254401e+00	1.112800e-03	
119	1.122800e-03	3.167426e+00	3.486326e+00	1.122800e-03	
120	1.132800e-03	3.383883e+00	3.704492e+00	1.132800e-03	
121	1.142800e-03	3.585929e+00	3.908038e+00	1.142800e-03	
122	1.152800e-03	3.772738e+00	4.096161e+00	1.152800e-03	
123	1.162800e-03	3.943550e+00	4.268118e+00	1.162800e-03	
124	1.172800e-03	4.097671e+00	4.423230e+00	1.172800e-03	
125	1.182800e-03	4.234478e+00	4.560887e+00	1.182800e-03	
126	1.192800e-03	4.353419e+00	4.680543e+00	1.192800e-03	
127	1.202800e-03	4.454012e+00	4.781728e+00	1.202800e-03	
128	1.212800e-03	4.535855e+00	4.864041e+00	1.212800e-03	
129	1.222800e-03	4.598616e+00	4.927158e+00	1.222800e-03	
130	1.232800e-03	4.642045e+00	4.970830e+00	1.232800e-03	
131	1.242800e-03	4.665967e+00	4.994884e+00	1.242800e-03	
132	1.252800e-03	4.670284e+00	4.999226e+00	1.252800e-03	
133	1.262800e-03	4.654981e+00	4.983838e+00	1.262800e-03	
134	1.272800e-03	4.620119e+00	4.948782e+00	1.272800e-03	
135	1.282800e-03	4.565837e+00	4.894194e+00	1.282800e-03	
136	1.292800e-03	4.492354e+00	4.820292e+00	1.292800e-03	
137	1.302800e-03	4.399966e+00	4.727366e+00	1.302800e-03	
138	1.312800e-03	4.289043e+00	4.615783e+00	1.312800e-03	
139	1.322800e-03	4.160034e+00	4.485984e+00	1.322800e-03	
140	1.332800e-03	4.013459e+00	4.338480e+00	1.332800e-03	
141	1.342800e-03	3.849909e+00	4.173855e+00	1.342800e-03	
142	1.352800e-03	3.670049e+00	3.992757e+00	1.352800e-03	
143	1.362800e-03	3.474609e+00	3.795902e+00	1.362800e-03	
144	1.372800e-03	3.264387e+00	3.584066e+00	1.372800e-03	
145	1.382800e-03	3.040246e+00	3.358086e+00	1.382800e-03	
146	1.392800e-03	2.803113e+00	3.118852e+00	1.392800e-03	
147	1.402800e-03	2.553978e+00	2.867310e+00	1.402800e-03	
148	1.412800e-03	2.293897e+00	2.604452e+00	1.412800e-03	
149	1.422800e-03	2.023997e+00	2.331316e+00	1.422800e-03	
150	1.432800e-03	1.745486e+00	2.048978e+00	1.432800e-03	
151	1.442800e-03	1.459681e+00	1.758555e+00	1.442800e-03	
152	1.452800e-03	1.168069e+00	1.461191e+00	1.452800e-03	
153	1.462800e-03	8.724486e-01	1.158060e+00	1.462800e-03	
154	1.472800e-03	5.753732e-01	8.503595e-01	1.472800e-03	
155	1.482800e-03	2.828648e-01	5.393027e-01	1.482800e-03	
156	1.492800e-03	2.878916e-02	2.261175e-01	1.492800e-03	
157	1.502800e-03	-1.35214e-05	-8.79601e-02	1.502800e-03	
158	1.512800e-03	-1.39956e-05	-4.01691e-01	1.512800e-03	
159	1.522800e-03	-1.39998e-05	-7.13836e-01	1.522800e-03	
160	1.532800e-03	-1.40007e-05	-1.02316e+00	1.532800e-03	
161	1.542800e-03	-1.40012e-05	-1.32845e+00	1.542800e-03	
162	1.552800e-03	-1.40016e-05	-1.62850e+00	1.552800e-03	
163	1.562800e-03	-1.40019e-05	-1.92212e+00	1.562800e-03	
164	1.572800e-03	-1.40022e-05	-2.20816e+00	1.572800e-03	
165	1.582800e-03	-1.40025e-05	-2.48548e+00	1.582800e-03	
166	1.592800e-03	-1.40027e-05	-2.75299e+00	1.592800e-03	
167	1.602800e-03	-1.40030e-05	-3.00963e+00	1.602800e-03	
168	1.612800e-03	-1.40032e-05	-3.25440e+00	1.612800e-03	
169	1.622800e-03	-1.40035e-05	-3.48633e+00	1.622800e-03	
170	1.632800e-03	-1.40037e-05	-3.70449e+00	1.632800e-03	

Index   time            V(1)            V(2)            time            
--------------------------------------------------------------------------------
171	1.642800e-03	-1.40039e-05	-3.90804e+00	1.642800e-03	
172	1.652800e-03	-1.40041e-05	-4.09616e+00	1.652800e-03	
173	1.662800e-03	-1.40043e-05	-4.26812e+00	1.662800e-03	
174	1.672800e-03	-1.40044e-05	-4.42323e+00	1.672800e-03	
175	1.682800e-03	-1.40046e-05	-4.56089e+00	1.682800e-03	
176	1.692800e-03	-1.40047e-05	-4.68054e+00	1.692800e-03	
177	1.702800e-03	-1.40048e-05	-4.78173e+00	1.702800e-03	
178	1.712800e-03	-1.40049e-05	-4.86404e+00	1.712800e-03	
179	1.722800e-03	-1.40049e-05	-4.92716e+00	1.722800e-03	
180	1.732800e-03	-1.40050e-05	-4.97083e+00	1.732800e-03	
181	1.742800e-03	-1.40050e-05	-4.99488e+00	1.742800e-03	
182	1.752800e-03	-1.40050e-05	-4.99923e+00	1.752800e-03	
183	1.762800e-03	-1.40050e-05	-4.98384e+00	1.762800e-03	
184	1.772800e-03	-1.40049e-05	-4.94878e+00	1.772800e-03	
185	1.782800e-03	-1.40049e-05	-4.89419e+00	1.782800e-03	
186	1.792800e-03	-1.40048e-05	-4.82029e+00	1.792800e-03	
187	1.802800e-03	-1.40047e-05	-4.72737e+00	1.802800e-03	
188	1.812800e-03	-1.40046e-05	-4.61578e+00	1.812800e-03	
189	1.822800e-03	-1.40045e-05	-4.48598e+00	1.822800e-03	
190	1.832800e-03	-1.40043e-05	-4.33848e+00	1.832800e-03	
191	1.842800e-03	-1.40042e-05	-4.17385e+00	1.842800e-03	
192	1.852800e-03	-1.40040e-05	-3.99276e+00	1.852800e-03	
193	1.862800e-03	-1.40038e-05	-3.79590e+00	1.862800e-03	
194	1.872800e-03	-1.40036e-05	-3.58407e+00	1.872800e-03	
195	1.882800e-03	-1.40033e-05	-3.35809e+00	1.882800e-03	
196	1.892800e-03	-1.40031e-05	-3.11885e+00	1.892800e-03	
197	1.902800e-03	-1.40029e-05	-2.86731e+00	1.902800e-03	
198	1.912800e-03	-1.40026e-05	-2.60445e+00	1.912800e-03	
199	1.922800e-03	-1.40023e-05	-2.33132e+00	1.922800e-03	
200	1.932800e-03	-1.40020e-05	-2.04898e+00	1.932800e-03	
201	1.942800e-03	-1.40017e-05	-1.75855e+00	1.942800e-03	
202	1.952800e-03	-1.40014e-05	-1.46119e+00	1.952800e-03	
203	1.962800e-03	-1.40009e-05	-1.15806e+00	1.962800e-03	
204	1.972800e-03	-1.40003e-05	-8.50360e-01	1.972800e-03	
205	1.982800e-03	-1.39985e-05	-5.39303e-01	1.982800e-03	
206	1.992800e-03	-1.39721e-05	-2.26118e-01	1.992800e-03	
207	2.000000e-03	-1.47933e-18	-2.44929e-15	2.000000e-03	

                    * webspice studio — generated netlist
                    Transient Analysis  Wed Jul  8 16:32:54  2026
--------------------------------------------------------------------------------
Index   time            v1#branch       
--------------------------------------------------------------------------------
0	0.000000e+00	6.749150e-25	
1	1.000000e-07	-1.80694e-09	
2	2.000000e-07	-3.84694e-09	
3	4.000000e-07	-8.75000e-09	
4	8.000000e-07	-2.29608e-08	
5	1.600000e-06	-8.34348e-08	
6	3.200000e-06	-6.51295e-07	
7	6.400000e-06	-1.71177e-05	
8	1.280000e-05	-1.60008e-04	
9	2.280000e-05	-4.45656e-04	
10	3.280000e-05	-7.41663e-04	
11	4.280000e-05	-1.03800e-03	
12	5.280000e-05	-1.33185e-03	
13	6.280000e-05	-1.62053e-03	
14	7.280000e-05	-1.90243e-03	
15	8.280000e-05	-2.17628e-03	
16	9.280000e-05	-2.44082e-03	
17	1.028000e-04	-2.69491e-03	
18	1.128000e-04	-2.93745e-03	
19	1.228000e-04	-3.16743e-03	
20	1.328000e-04	-3.38388e-03	
21	1.428000e-04	-3.58593e-03	
22	1.528000e-04	-3.77274e-03	
23	1.628000e-04	-3.94355e-03	
24	1.728000e-04	-4.09767e-03	
25	1.828000e-04	-4.23448e-03	
26	1.928000e-04	-4.35342e-03	
27	2.028000e-04	-4.45401e-03	
28	2.128000e-04	-4.53585e-03	
29	2.228000e-04	-4.59862e-03	
30	2.328000e-04	-4.64205e-03	
31	2.428000e-04	-4.66597e-03	
32	2.528000e-04	-4.67028e-03	
33	2.628000e-04	-4.65498e-03	
34	2.728000e-04	-4.62012e-03	
35	2.828000e-04	-4.56584e-03	
36	2.928000e-04	-4.49235e-03	
37	3.028000e-04	-4.39997e-03	
38	3.128000e-04	-4.28904e-03	
39	3.228000e-04	-4.16003e-03	
40	3.328000e-04	-4.01346e-03	
41	3.428000e-04	-3.84991e-03	
42	3.528000e-04	-3.67005e-03	
43	3.628000e-04	-3.47461e-03	
44	3.728000e-04	-3.26439e-03	
45	3.828000e-04	-3.04025e-03	
46	3.928000e-04	-2.80311e-03	
47	4.028000e-04	-2.55398e-03	
48	4.128000e-04	-2.29390e-03	
49	4.228000e-04	-2.02400e-03	
50	4.328000e-04	-1.74549e-03	
51	4.428000e-04	-1.45968e-03	
52	4.528000e-04	-1.16807e-03	
53	4.628000e-04	-8.72449e-04	
54	4.728000e-04	-5.75373e-04	

Index   time            v1#branch       
--------------------------------------------------------------------------------
55	4.828000e-04	-2.82865e-04	
56	4.928000e-04	-2.87892e-05	
57	5.028000e-04	1.352136e-08	
58	5.128000e-04	1.399557e-08	
59	5.228000e-04	1.399982e-08	
60	5.328000e-04	1.400072e-08	
61	5.428000e-04	1.400119e-08	
62	5.528000e-04	1.400155e-08	
63	5.628000e-04	1.400188e-08	
64	5.728000e-04	1.400218e-08	
65	5.828000e-04	1.400246e-08	
66	5.928000e-04	1.400274e-08	
67	6.028000e-04	1.400300e-08	
68	6.128000e-04	1.400324e-08	
69	6.228000e-04	1.400348e-08	
70	6.328000e-04	1.400370e-08	
71	6.428000e-04	1.400390e-08	
72	6.528000e-04	1.400409e-08	
73	6.628000e-04	1.400426e-08	
74	6.728000e-04	1.400442e-08	
75	6.828000e-04	1.400456e-08	
76	6.928000e-04	1.400468e-08	
77	7.028000e-04	1.400478e-08	
78	7.128000e-04	1.400486e-08	
79	7.228000e-04	1.400492e-08	
80	7.328000e-04	1.400497e-08	
81	7.428000e-04	1.400499e-08	
82	7.528000e-04	1.400500e-08	
83	7.628000e-04	1.400498e-08	
84	7.728000e-04	1.400495e-08	
85	7.828000e-04	1.400489e-08	
86	7.928000e-04	1.400482e-08	
87	8.028000e-04	1.400472e-08	
88	8.128000e-04	1.400461e-08	
89	8.228000e-04	1.400448e-08	
90	8.328000e-04	1.400433e-08	
91	8.428000e-04	1.400417e-08	
92	8.528000e-04	1.400399e-08	
93	8.628000e-04	1.400379e-08	
94	8.728000e-04	1.400358e-08	
95	8.828000e-04	1.400335e-08	
96	8.928000e-04	1.400311e-08	
97	9.028000e-04	1.400285e-08	
98	9.128000e-04	1.400259e-08	
99	9.228000e-04	1.400231e-08	
100	9.328000e-04	1.400201e-08	
101	9.428000e-04	1.400170e-08	
102	9.528000e-04	1.400136e-08	
103	9.628000e-04	1.400095e-08	
104	9.728000e-04	1.400032e-08	
105	9.828000e-04	1.399846e-08	
106	9.928000e-04	1.397207e-08	
107	1.002800e-03	-3.99310e-07	
108	1.012800e-03	-1.60008e-04	
109	1.022800e-03	-4.45304e-04	
110	1.032800e-03	-7.41633e-04	
111	1.042800e-03	-1.03804e-03	
112	1.052800e-03	-1.33186e-03	

Index   time            v1#branch       
--------------------------------------------------------------------------------
113	1.062800e-03	-1.62052e-03	
114	1.072800e-03	-1.90243e-03	
115	1.082800e-03	-2.17628e-03	
116	1.092800e-03	-2.44082e-03	
117	1.102800e-03	-2.69491e-03	
118	1.112800e-03	-2.93745e-03	
119	1.122800e-03	-3.16743e-03	
120	1.132800e-03	-3.38388e-03	
121	1.142800e-03	-3.58593e-03	
122	1.152800e-03	-3.77274e-03	
123	1.162800e-03	-3.94355e-03	
124	1.172800e-03	-4.09767e-03	
125	1.182800e-03	-4.23448e-03	
126	1.192800e-03	-4.35342e-03	
127	1.202800e-03	-4.45401e-03	
128	1.212800e-03	-4.53585e-03	
129	1.222800e-03	-4.59862e-03	
130	1.232800e-03	-4.64205e-03	
131	1.242800e-03	-4.66597e-03	
132	1.252800e-03	-4.67028e-03	
133	1.262800e-03	-4.65498e-03	
134	1.272800e-03	-4.62012e-03	
135	1.282800e-03	-4.56584e-03	
136	1.292800e-03	-4.49235e-03	
137	1.302800e-03	-4.39997e-03	
138	1.312800e-03	-4.28904e-03	
139	1.322800e-03	-4.16003e-03	
140	1.332800e-03	-4.01346e-03	
141	1.342800e-03	-3.84991e-03	
142	1.352800e-03	-3.67005e-03	
143	1.362800e-03	-3.47461e-03	
144	1.372800e-03	-3.26439e-03	
145	1.382800e-03	-3.04025e-03	
146	1.392800e-03	-2.80311e-03	
147	1.402800e-03	-2.55398e-03	
148	1.412800e-03	-2.29390e-03	
149	1.422800e-03	-2.02400e-03	
150	1.432800e-03	-1.74549e-03	
151	1.442800e-03	-1.45968e-03	
152	1.452800e-03	-1.16807e-03	
153	1.462800e-03	-8.72449e-04	
154	1.472800e-03	-5.75373e-04	
155	1.482800e-03	-2.82865e-04	
156	1.492800e-03	-2.87892e-05	
157	1.502800e-03	1.352136e-08	
158	1.512800e-03	1.399557e-08	
159	1.522800e-03	1.399982e-08	
160	1.532800e-03	1.400072e-08	
161	1.542800e-03	1.400119e-08	
162	1.552800e-03	1.400155e-08	
163	1.562800e-03	1.400188e-08	
164	1.572800e-03	1.400218e-08	
165	1.582800e-03	1.400246e-08	
166	1.592800e-03	1.400274e-08	
167	1.602800e-03	1.400300e-08	
168	1.612800e-03	1.400324e-08	
169	1.622800e-03	1.400348e-08	
170	1.632800e-03	1.400370e-08	

Index   time            v1#branch       
--------------------------------------------------------------------------------
171	1.642800e-03	1.400390e-08	
172	1.652800e-03	1.400409e-08	
173	1.662800e-03	1.400426e-08	
174	1.672800e-03	1.400442e-08	
175	1.682800e-03	1.400456e-08	
176	1.692800e-03	1.400468e-08	
177	1.702800e-03	1.400478e-08	
178	1.712800e-03	1.400486e-08	
179	1.722800e-03	1.400492e-08	
180	1.732800e-03	1.400497e-08	
181	1.742800e-03	1.400499e-08	
182	1.752800e-03	1.400500e-08	
183	1.762800e-03	1.400498e-08	
184	1.772800e-03	1.400495e-08	
185	1.782800e-03	1.400489e-08	
186	1.792800e-03	1.400482e-08	
187	1.802800e-03	1.400472e-08	
188	1.812800e-03	1.400461e-08	
189	1.822800e-03	1.400448e-08	
190	1.832800e-03	1.400433e-08	
191	1.842800e-03	1.400417e-08	
192	1.852800e-03	1.400399e-08	
193	1.862800e-03	1.400379e-08	
194	1.872800e-03	1.400358e-08	
195	1.882800e-03	1.400335e-08	
196	1.892800e-03	1.400311e-08	
197	1.902800e-03	1.400285e-08	
198	1.912800e-03	1.400259e-08	
199	1.922800e-03	1.400231e-08	
200	1.932800e-03	1.400201e-08	
201	1.942800e-03	1.400170e-08	
202	1.952800e-03	1.400136e-08	
203	1.962800e-03	1.400095e-08	
204	1.972800e-03	1.400032e-08	
205	1.982800e-03	1.399846e-08	
206	1.992800e-03	1.397207e-08	
207	2.000000e-03	1.479330e-21	
